MatKAll : ((0.0137739 -0.00223401 0.000538885      0      0      0      0 -0.000325278 -0.00029614 0.00364145 -0.00117458 -0.00040753)
 (-0.00223401 0.00683977 -0.000325278      0      0      0      0      0 -0.00117458 0.000688078      0      0)
 (0.000538885 -0.000325278 0.00866305      0      0      0      0 -0.00117458      0 -0.00287178      0 0.0013347)
 (     0      0      0 0.0134546 -0.000521114 -0.00223401 0.000688078      0 -0.00223401 0.000688078 0.000650275 0.0023862)
 (     0      0      0 -0.000521114 0.00607111      0 -0.00117458      0      0 -0.00117458      0 0.000650275)
 (     0      0      0 -0.00223401      0 0.00683977 -0.000325278      0      0      0 -0.00117458 0.000688078)
 (     0      0      0 0.000688078 -0.00117458 -0.000325278 0.00683977      0      0      0      0 -0.00223401)
 (-0.000325278      0 -0.00117458      0      0      0      0 0.00434111      0      0      0 -0.00117458)
 (-0.00029614 -0.00117458      0 -0.00223401      0      0      0      0 0.0156355 -0.00228139 -0.00234917 0.00292416)
 (0.00364145 0.000688078 -0.00287178 0.000688078 -0.00117458      0      0      0 -0.00228139 0.0202113      0 -0.00654079)
 (-0.00117458      0      0 0.000650275      0 -0.00117458      0      0 -0.00234917      0 0.0104122 -0.000846392)
 (-0.00040753      0 0.0013347 0.0023862 0.000650275 0.000688078 -0.00223401 -0.00117458 0.00292416 -0.00654079 -0.000846392 0.0248423))

DMatKAll : ((0.0137739 0.00683977 0.00866305 0.0134546 0.00607111 0.00683977 0.00683977 0.00434111 0.0156355 0.0202113 0.0104122 0.0248423))