-1.21223 -157.088 10.5729 157.448
-1.459 -157.654 11.6449 158.091
-2.21432 -157.654 12.201 158.141
-0.541496 -157.542 11.8601 157.988
-3.66264 -157.024 7.7049 157.255
-26.2503 -73.222 118.839 142.033
-158.105 -25.6562 -33.7343 163.687
-152.979 49.6932 -18.529 161.912
-142.97 38.1096 -34.1376 151.849
-45.8743 -159.149 -10.2883 165.948
6.5029 -154.609 20.7773 156.135
-142.484 1.99728 -5.38379 142.6
-113.455 -67.2184 84.1214 156.418
-46.1714 18.0809 132.284 141.272
65.3863 -42.9573 126.267 148.539
128.216 -49.2999 56.4197 148.503
126.077 -58.6666 54.7813 149.46
49.7078 -69.9093 120.816 148.171
49.7078 -69.9093 120.816 148.171
49.7078 -69.9093 120.816 148.171
