-20.4957 -78.6889 111.92 138.34
8.07476 -125.531 63.845 141.066
-40.1468 -46.2794 126.432 140.494
-21.5735 -105.724 97.5438 145.457
-8.00821 -141.61 46.9913 149.418
-18.6424 -139.137 51.96 149.688
-19.7612 -138.931 51.9838 149.648
-45.7609 38.015 123.581 137.155
-55.2956 34.252 123.314 139.417
46.5163 -125.309 31.1071 137.236
47.1982 -133.58 -21.7885 143.339
82.8406 -115.911 -9.89325 142.814
100.694 -116.61 23.3984 155.835
105.217 -107.498 2.22546 150.437
112.386 -87.187 -10.4167 142.621
107.293 -94.8953 -10.1229 143.594
105.395 -113.384 -18.1841 155.867
115.336 -102.179 -2.55096 154.108
131.526 -59.132 35.7044 148.561
117.747 -21.4 80.2266 144.078
107.276 -16.3504 93.0876 142.971
101.839 -30.229 102.793 147.822
90.097 -41.4697 108.581 147.061
94.5108 -14.1697 110.595 146.165
97.131 8.28943 93.8701 135.332
-26.6352 -14.6406 138.456 141.752
-20.5976 15.4968 139.699 142.058
16.5209 89.1597 110.305 142.792
20.3394 103.168 89.0741 137.81
41.333 78.7316 112.212 143.174
38.1762 70.7043 118.224 142.945
126.56 -38.4582 47.8005 140.647
-40.8757 -73.9149 108.884 137.804
-40.8757 -73.9149 108.884 137.804
-40.8757 -73.9149 108.884 137.804
