-14.9298 -83.0544 109.936 138.588
77.0361 -91.4173 88.9346 149
81.3011 -96.1193 78.936 148.592
77.553 -97.9314 80.826 148.788
20.9055 -69.3348 130.196 148.981
-39.337 67.5092 115.503 139.448
-85.888 116.82 -56.531 155.626
15.1788 -153.347 16.5614 154.984
73.9805 -122.748 16.6856 144.286
96.3632 -105.14 5.9552 142.744
112.291 -81.2246 32.049 142.246
117.862 -78.4327 16.0724 142.483
121.605 -80.3411 42.4322 151.799
119.608 -82.4651 51.326 154.081
125.673 -8.85747 62.2484 140.524
105.603 33.7646 81.4908 137.597
-10.372 116.021 83.412 143.269
-25.4284 141.334 -25.4007 145.832
-53.9998 132.261 -45.34 149.882
-102.072 77.0467 -86.879 154.605
-22.2601 -154.188 13.9113 156.406
-80.3603 -124.427 55.2747 158.099
34.6157 -134.437 27.8593 141.59
81.0868 -118.062 -8.6333 143.486
-13.8755 -149.662 28.196 152.925
-88.9435 108.106 -67.4913 155.412
-78.6322 131.138 -22.8733 154.607
-14.3733 27.0204 130.703 134.239
-71.3822 -112.832 65.2913 148.625
-41.3228 -114.292 87.0341 149.483
-40.6361 -77.2479 101.123 133.583
-64.4308 31.5708 124.241 143.471
73.5803 -75.9797 104.401 148.616
78.1921 -78.633 98.8851 148.578
46.2359 -85.2447 110.533 147.044
-52.2288 -102.013 71.8317 135.256
-86.2388 -122.951 54.8749 159.892
-86.2388 -122.951 54.8749 159.892
-86.2388 -122.951 54.8749 159.892
