-64.7331 -50.1978 115.911 141.935
-14.6259 -75.2255 114.966 138.166
-22.0074 -79.292 111.912 138.909
-33.1371 -62.9621 123.092 142.176
-62.3829 -38.8718 120.145 140.845
-50.0951 -38.8281 125.892 140.947
-18.319 23.3414 139.965 143.076
-19.9008 141.075 -6.20245 142.607
-59.325 125.239 -51.8201 147.952
-38.8024 139.003 -3.74359 144.366
15.7384 126.63 42.3086 134.435
35.27 110.942 62.0711 131.928
16.618 83.6183 107.482 137.188
31.5666 51.4775 122.906 136.939
110.569 -27.1735 83.9525 141.463
106.55 -46.7921 80.936 141.75
64.4943 -73.5416 109.169 146.58
55.7147 -89.4986 105.497 149.143
49.956 -110.69 91.1671 151.853
32.5571 -128.416 77.2579 153.361
16.9529 -126.237 57.374 139.696
3.42847 -139.494 38.3752 144.717
-12.8223 -145.234 16.0316 146.678
-16.6621 -138.811 19.2196 141.122
31.7262 -137.57 -8.49475 141.437
-24.8322 -138.086 15.0438 141.105
-25.5846 -147.471 -46.7658 156.809
-22.9603 -152.682 -7.14087 154.563
-22.9603 -152.682 -7.14087 154.563
-22.9603 -152.682 -7.14087 154.563
