-45.0287 -53.4437 121.917 140.526
-44.0378 -52.8979 123.142 141.072
33.6807 -42.5362 132.893 143.542
128.648 -33.6096 70.1008 150.313
132.393 -79.3133 20.6105 155.702
134.651 -30.7589 59.2558 150.294
99.8533 -3.28928 107.793 146.972
88.5311 -23.2923 113.906 146.133
66.7997 -48.7488 119.25 145.118
89.8201 -53.201 99.0438 143.902
81.7919 47.0135 100.998 138.205
-23.2935 95.3784 98.821 139.303
-62.2759 109.859 60.8591 140.182
-76.7264 104.863 63.6205 144.674
-42.4362 -106.303 -107.611 157.103
-34.868 -139.702 -74.6905 162.207
-35.5007 -147.973 36.9925 156.603
-30.1415 -133.623 34.4242 141.239
-31.5493 -135.306 28.0332 141.735
-31.5493 -135.306 28.0332 141.735
-31.5493 -135.306 28.0332 141.735
