-7.65004 -81.5943 108.832 136.237
-16.1203 -95.3382 106.474 143.826
-19.3803 -78.4273 115.744 141.15
-12.9899 -94.0565 108.425 144.123
-13.8832 -94.7694 107.93 144.301
-27.2688 -55.6676 127.666 141.92
-56.5793 -43.6752 127.259 145.958
-37.0084 -40.5621 130.714 141.779
-41.2994 -41.6848 129.743 142.396
-55.0383 -41.6267 125.508 143.228
-56.97 -37.7218 125.672 143.045
-119.648 86.1276 10.157 147.773
-57.2348 112.216 58.0755 138.712
-31.1652 80.5366 99.2955 131.594
-12.0865 36.9369 122.055 128.094
13.9232 -52.5013 134.415 144.975
-28.7615 83.1006 102.119 134.763
-83.5551 123.504 -17.2806 150.111
-80.943 119.144 -46.9843 151.508
-120.798 75.9698 -53.2477 152.312
4.40201 -127.891 77.3599 149.533
16.9389 -90.1456 102.952 137.885
47.1509 -94.9559 106.678 150.4
23.2501 -86.6012 103.426 136.884
-4.8285 -94.9754 92.6402 132.762
-4.8285 -94.9754 92.6402 132.762
-4.8285 -94.9754 92.6402 132.762
