-45.0287 -53.4437 121.917 140.526
-44.0378 -52.8979 123.142 141.072
33.6807 -42.5362 132.893 143.542
128.648 -33.6096 70.1008 150.313
132.393 -79.3133 20.6105 155.702
134.651 -30.7589 59.2558 150.294
99.8533 -3.28928 107.793 146.972
88.5311 -23.2923 113.906 146.133
66.7997 -48.7488 119.25 145.118
89.8201 -53.201 99.0438 143.902
81.7919 47.0135 100.998 138.205
-23.2935 95.3784 98.821 139.303
-62.2759 109.859 60.8591 140.182
-76.7264 104.863 63.6205 144.674
-42.4362 -106.303 -107.611 157.103
-34.868 -139.702 -74.6905 162.207
-35.5007 -147.973 36.9925 156.603
-30.1415 -133.623 34.4242 141.239
-31.5493 -135.306 28.0332 141.735
-31.5493 -135.306 28.0332 141.735
-31.5493 -135.306 28.0332 141.735
-64.7331 -50.1978 115.911 141.935
-14.6259 -75.2255 114.966 138.166
-22.0074 -79.292 111.912 138.909
-33.1371 -62.9621 123.092 142.176
-62.3829 -38.8718 120.145 140.845
-50.0951 -38.8281 125.892 140.947
-18.319 23.3414 139.965 143.076
-19.9008 141.075 -6.20245 142.607
-59.325 125.239 -51.8201 147.952
-38.8024 139.003 -3.74359 144.366
15.7384 126.63 42.3086 134.435
35.27 110.942 62.0711 131.928
16.618 83.6183 107.482 137.188
31.5666 51.4775 122.906 136.939
110.569 -27.1735 83.9525 141.463
106.55 -46.7921 80.936 141.75
64.4943 -73.5416 109.169 146.58
55.7147 -89.4986 105.497 149.143
49.956 -110.69 91.1671 151.853
32.5571 -128.416 77.2579 153.361
16.9529 -126.237 57.374 139.696
3.42847 -139.494 38.3752 144.717
-12.8223 -145.234 16.0316 146.678
-16.6621 -138.811 19.2196 141.122
31.7262 -137.57 -8.49475 141.437
-24.8322 -138.086 15.0438 141.105
-25.5846 -147.471 -46.7658 156.809
-22.9603 -152.682 -7.14087 154.563
-22.9603 -152.682 -7.14087 154.563
-22.9603 -152.682 -7.14087 154.563
-3.71104 -47.7824 128.447 137.097
49.7176 15.0858 127.961 138.106
51.3803 -15.7738 136.013 146.248
33.7005 -24.7184 138.919 145.069
28.8052 -24.8408 140.37 145.432
9.68705 128.38 50.7911 138.402
8.23716 86.6789 102.058 134.153
-10.6619 129.776 54.8947 141.312
-37.1871 -151.675 17.0164 157.092
8.20582 -135.405 36.261 140.416
8.20582 -135.405 36.261 140.416
8.20582 -135.405 36.261 140.416
-7.65004 -81.5943 108.832 136.237
-16.1203 -95.3382 106.474 143.826
-19.3803 -78.4273 115.744 141.15
-12.9899 -94.0565 108.425 144.123
-13.8832 -94.7694 107.93 144.301
-27.2688 -55.6676 127.666 141.92
-56.5793 -43.6752 127.259 145.958
-37.0084 -40.5621 130.714 141.779
-41.2994 -41.6848 129.743 142.396
-55.0383 -41.6267 125.508 143.228
-56.97 -37.7218 125.672 143.045
-119.648 86.1276 10.157 147.773
-57.2348 112.216 58.0755 138.712
-31.1652 80.5366 99.2955 131.594
-12.0865 36.9369 122.055 128.094
13.9232 -52.5013 134.415 144.975
-28.7615 83.1006 102.119 134.763
-83.5551 123.504 -17.2806 150.111
-80.943 119.144 -46.9843 151.508
-120.798 75.9698 -53.2477 152.312
4.40201 -127.891 77.3599 149.533
16.9389 -90.1456 102.952 137.885
47.1509 -94.9559 106.678 150.4
23.2501 -86.6012 103.426 136.884
-4.8285 -94.9754 92.6402 132.762
-4.8285 -94.9754 92.6402 132.762
-4.8285 -94.9754 92.6402 132.762
-45.0287 -53.4437 121.917 140.526
-44.0378 -52.8979 123.142 141.072
33.6807 -42.5362 132.893 143.542
128.648 -33.6096 70.1008 150.313
132.393 -79.3133 20.6105 155.702
134.651 -30.7589 59.2558 150.294
99.8533 -3.28928 107.793 146.972
88.5311 -23.2923 113.906 146.133
66.7997 -48.7488 119.25 145.118
89.8201 -53.201 99.0438 143.902
81.7919 47.0135 100.998 138.205
-23.2935 95.3784 98.821 139.303
-62.2759 109.859 60.8591 140.182
-76.7264 104.863 63.6205 144.674
-42.4362 -106.303 -107.611 157.103
-34.868 -139.702 -74.6905 162.207
-35.5007 -147.973 36.9925 156.603
-30.1415 -133.623 34.4242 141.239
-31.5493 -135.306 28.0332 141.735
-31.5493 -135.306 28.0332 141.735
-31.5493 -135.306 28.0332 141.735
-20.4957 -78.6889 111.92 138.34
8.07476 -125.531 63.845 141.066
-40.1468 -46.2794 126.432 140.494
-21.5735 -105.724 97.5438 145.457
-8.00821 -141.61 46.9913 149.418
-18.6424 -139.137 51.96 149.688
-19.7612 -138.931 51.9838 149.648
-45.7609 38.015 123.581 137.155
-55.2956 34.252 123.314 139.417
46.5163 -125.309 31.1071 137.236
47.1982 -133.58 -21.7885 143.339
82.8406 -115.911 -9.89325 142.814
100.694 -116.61 23.3984 155.835
105.217 -107.498 2.22546 150.437
112.386 -87.187 -10.4167 142.621
107.293 -94.8953 -10.1229 143.594
105.395 -113.384 -18.1841 155.867
115.336 -102.179 -2.55096 154.108
131.526 -59.132 35.7044 148.561
117.747 -21.4 80.2266 144.078
107.276 -16.3504 93.0876 142.971
101.839 -30.229 102.793 147.822
90.097 -41.4697 108.581 147.061
94.5108 -14.1697 110.595 146.165
97.131 8.28943 93.8701 135.332
-26.6352 -14.6406 138.456 141.752
-20.5976 15.4968 139.699 142.058
16.5209 89.1597 110.305 142.792
20.3394 103.168 89.0741 137.81
41.333 78.7316 112.212 143.174
38.1762 70.7043 118.224 142.945
126.56 -38.4582 47.8005 140.647
-40.8757 -73.9149 108.884 137.804
-40.8757 -73.9149 108.884 137.804
-40.8757 -73.9149 108.884 137.804
-103.045 -12.5701 93.0599 139.414
-123.551 -11.1565 72.6266 143.749
-135.108 30.2454 9.59326 138.784
-15.8202 -150.043 28.7834 153.596
57.2754 -130.783 -8.60767 143.034
65.649 -123.558 15.8965 140.816
80.4715 -102.315 46.2678 138.147
103.582 -93.1008 55.0367 149.753
98.309 -67.8786 92.8105 151.281
77.7841 -62.5581 114.746 152.088
21.0304 38.6583 127.92 135.279
-23.1222 84.0493 111.856 141.812
-96.1607 113.007 -47.5145 155.805
-107.935 78.6003 -81.075 156.209
-1.21223 -157.088 10.5729 157.448
-1.459 -157.654 11.6449 158.091
-2.21432 -157.654 12.201 158.141
-0.541496 -157.542 11.8601 157.988
-3.66264 -157.024 7.7049 157.255
-26.2503 -73.222 118.839 142.033
-158.105 -25.6562 -33.7343 163.687
-152.979 49.6932 -18.529 161.912
-142.97 38.1096 -34.1376 151.849
-45.8743 -159.149 -10.2883 165.948
6.5029 -154.609 20.7773 156.135
-142.484 1.99728 -5.38379 142.6
-113.455 -67.2184 84.1214 156.418
-46.1714 18.0809 132.284 141.272
65.3863 -42.9573 126.267 148.539
128.216 -49.2999 56.4197 148.503
126.077 -58.6666 54.7813 149.46
49.7078 -69.9093 120.816 148.171
49.7078 -69.9093 120.816 148.171
49.7078 -69.9093 120.816 148.171
-14.9298 -83.0544 109.936 138.588
77.0361 -91.4173 88.9346 149
81.3011 -96.1193 78.936 148.592
77.553 -97.9314 80.826 148.788
20.9055 -69.3348 130.196 148.981
-39.337 67.5092 115.503 139.448
-85.888 116.82 -56.531 155.626
15.1788 -153.347 16.5614 154.984
73.9805 -122.748 16.6856 144.286
96.3632 -105.14 5.9552 142.744
112.291 -81.2246 32.049 142.246
117.862 -78.4327 16.0724 142.483
121.605 -80.3411 42.4322 151.799
119.608 -82.4651 51.326 154.081
125.673 -8.85747 62.2484 140.524
105.603 33.7646 81.4908 137.597
-10.372 116.021 83.412 143.269
-25.4284 141.334 -25.4007 145.832
-53.9998 132.261 -45.34 149.882
-102.072 77.0467 -86.879 154.605
-22.2601 -154.188 13.9113 156.406
-80.3603 -124.427 55.2747 158.099
34.6157 -134.437 27.8593 141.59
81.0868 -118.062 -8.6333 143.486
-13.8755 -149.662 28.196 152.925
-88.9435 108.106 -67.4913 155.412
-78.6322 131.138 -22.8733 154.607
-14.3733 27.0204 130.703 134.239
-71.3822 -112.832 65.2913 148.625
-41.3228 -114.292 87.0341 149.483
-40.6361 -77.2479 101.123 133.583
-64.4308 31.5708 124.241 143.471
73.5803 -75.9797 104.401 148.616
78.1921 -78.633 98.8851 148.578
46.2359 -85.2447 110.533 147.044
-52.2288 -102.013 71.8317 135.256
-86.2388 -122.951 54.8749 159.892
-86.2388 -122.951 54.8749 159.892
-86.2388 -122.951 54.8749 159.892
