110.945 -83.0544 7.10543e-015 138.588
77.7589 -91.4173 -88.3033 149
67.2774 -96.1193 -91.184 148.592
69.6545 -97.9314 -87.7244 148.788
126.198 -69.3348 -38.2358 148.981
122.967 55.4412 74.2099 153.954
-44.4589 116.82 92.7141 155.626
14.3681 -153.347 -17.2694 154.984
6.57828 -122.748 -75.5529 144.286
-7.06656 -105.14 -96.2881 142.744
16.6464 -81.2246 -115.582 142.246
0.0655454 -78.4327 -118.952 142.483
25.6819 -80.3411 -126.209 151.799
34.7636 -82.4651 -125.427 154.081
44.7703 -8.85747 -132.907 140.524
66.5385 33.7646 -115.609 137.597
84.0491 116.021 -0.947126 143.269
-56.2437 134.786 71.5993 162.657
-86.6748 109.558 93.2637 167.969
-72.3529 77.0467 112.835 154.605
16.7803 -154.188 20.1856 156.406
11.905 -158.196 67.4048 172.369
22.9477 -134.437 -38.0499 141.59
-19.4666 -118.062 -79.1875 143.486
29.8067 -149.662 9.955 152.925
-54.9083 108.106 97.2168 155.412
-12.0837 131.138 80.995 154.607
120.965 33.606 57.8006 138.213
74.3033 -112.832 61.9467 148.625
91.8032 -114.292 29.2347 149.483
105.672 -77.2479 26.6583 133.583
119.429 2.78425 91.4553 150.449
93.5498 -75.9797 -86.9603 148.616
87.4633 -78.633 -90.7879 148.578
103.305 -85.2447 -60.6897 147.044
78.2068 -102.013 42.0873 135.256
65.9809 -122.951 78.0699 159.892
65.9809 -122.951 78.0699 159.892
65.9809 -122.951 78.0699 159.892
